$ANSIBLE_VAULT;1.1;AES256
62326566353964633638626434633838353365663863643534616433383238666637393435376638
6534353561313531623564303636656331323832306438610a306336306265326230666434333463
61373034373764326562316139303837613666643130656632636238666232333837633930616563
3039653561626666310a663337383662316131623865343739306263663433633764646634656432
34303431383932373438346537313938633330373535323037393061333563323764316432626331
38323663643330663865643135326563643733626633376662663966316263316333616130343637
32313963303839663862626261363638393964343036653438633232626633333461653461393763
36616564356463616132313232373235383962306466393730663436616537643036336536623235
63633062646562313162326234316331333634666265313332373262323663316263353765636435
31313837623837623836653963336363373432346563633665386337303937303665623361633131
63303934303134346333623362396263613462653036306365643736353234653535386261616637
32663364373630643038393365633433323031333766316666663536343266666132656138323533
34356434323765613038363666376463393534663039343162396537666163623630
